 GENERAL POTENTIAL MESH             exc:
#  I   POTENTIAL             Z =   53.000
#
  6.76000000  2.64178315  2.39034635  2.39002092   # alat, rmax, rmaxlog, rmt
   353     0     0                                 # IRWS, IRMT, IRNS 
 0.25000000E-01 0.39826413E-03                     # A , B 
  1.79540669  0.96303389  0.00000000               # Ef, vbc, vcon 
    9   25                                         # NCORE, LMPOT
    0  -2.32163213737E+03
    0  -3.48215286240E+02
    0  -6.85799738079E+01
    0  -1.03851710917E+01
    1  -3.27273110498E+02
    1  -5.97542700848E+01
    1  -7.30476217507E+00
    2  -4.32897261590E+01
    2  -2.05976743726E+00
  5.283591075849E+02  5.283921481737E+02  5.284259321909E+02  5.284604638770E+02
  5.284957544620E+02  5.285318174857E+02  5.285686661883E+02  5.286063142879E+02
  5.286447752319E+02  5.286840627920E+02  5.287241904896E+02  5.287651720821E+02
  5.288070210872E+02  5.288497511856E+02  5.288933758069E+02  5.289379084886E+02
  5.289833624859E+02  5.290297511019E+02  5.290770873265E+02  5.291253841373E+02
  5.291746541524E+02  5.292249099123E+02  5.292761635427E+02  5.293284270267E+02
  5.293817118673E+02  5.294360293496E+02  5.294913902082E+02  5.295478048762E+02
  5.296052831530E+02  5.296638344448E+02  5.297234674406E+02  5.297841903227E+02
  5.298460104637E+02  5.299089346170E+02  5.299729686087E+02  5.300381175251E+02
  5.301043854036E+02  5.301717754017E+02  5.302402894917E+02  5.303099286182E+02
  5.303806924090E+02  5.304525792577E+02  5.305255860708E+02  5.305997083893E+02
  5.306749400676E+02  5.307512733888E+02  5.308286987581E+02  5.309072047924E+02
  5.309867780134E+02  5.310674029247E+02  5.311490616949E+02  5.312317342321E+02
  5.313153978417E+02  5.314000273034E+02  5.314855945144E+02  5.315720685571E+02
  5.316594153295E+02  5.317475975996E+02  5.318365746267E+02  5.319263022054E+02
  5.320167322777E+02  5.321078129567E+02  5.321994881312E+02  5.322916974820E+02
  5.323843760676E+02  5.324774543297E+02  5.325708576717E+02  5.326645064466E+02
  5.327583155268E+02  5.328521942768E+02  5.329460461185E+02  5.330397684846E+02
  5.331332523777E+02  5.332263823153E+02  5.333190358713E+02  5.334110836164E+02
  5.335023886567E+02  5.335928065518E+02  5.336821848588E+02  5.337703630375E+02
  5.338571719918E+02  5.339424339719E+02  5.340259621039E+02  5.341075603038E+02
  5.341870227956E+02  5.342641340370E+02  5.343386682282E+02  5.344103892514E+02
  5.344790501899E+02  5.345443932675E+02  5.346061493866E+02  5.346640380779E+02
  5.347177670593E+02  5.347670322070E+02  5.348115171301E+02  5.348508931732E+02
  5.348848190266E+02  5.349129407534E+02  5.349348914412E+02  5.349502912691E+02
  5.349587472128E+02  5.349598531531E+02  5.349531896358E+02  5.349383240480E+02
  5.349148104376E+02  5.348821897554E+02  5.348399897575E+02  5.347877253209E+02
  5.347248984324E+02  5.346509985976E+02  5.345655029237E+02  5.344678766304E+02
  5.343575732377E+02  5.342340351859E+02  5.340966941486E+02  5.339449717760E+02
  5.337782801151E+02  5.335960225022E+02  5.333975941144E+02  5.331823829963E+02
  5.329497707495E+02  5.326991337073E+02  5.324298437688E+02  5.321412697167E+02
  5.318327781990E+02  5.315037351821E+02  5.311535070857E+02  5.307814623679E+02
  5.303869727911E+02  5.299694151365E+02  5.295281725904E+02  5.290626365640E+02
  5.285722081738E+02  5.280563001494E+02  5.275143383888E+02  5.269457639011E+02
  5.263500343963E+02  5.257266262520E+02  5.250750360650E+02  5.243947825771E+02
  5.236854081709E+02  5.229464806692E+02  5.221775946899E+02  5.213783732841E+02
  5.205484690617E+02  5.196875655732E+02  5.187953781304E+02  5.178716548446E+02
  5.169161770579E+02  5.159287599366E+02  5.149092524229E+02  5.138575372868E+02
  5.127735305115E+02  5.116571807244E+02  5.105084679227E+02  5.093274022135E+02
  5.081140218251E+02  5.068683911110E+02  5.055905978145E+02  5.042807503346E+02
  5.029389742590E+02  5.015654089524E+02  5.001602034682E+02  4.987235125766E+02
  4.972554922442E+02  4.957562953651E+02  4.942260670978E+02  4.926649406822E+02
  4.910730330931E+02  4.894504414416E+02  4.877972395406E+02  4.861134755561E+02
  4.843991701760E+02  4.826543162482E+02  4.808788792934E+02  4.790727998340E+02
  4.772359968815E+02  4.753683734231E+02  4.734698231581E+02  4.715402391484E+02
  4.695795234368E+02  4.675875981126E+02  4.655644166071E+02  4.635099754838E+02
  4.614243253293E+02  4.593075808129E+02  4.571599284815E+02  4.549816323691E+02
  4.527730361400E+02  4.505345620877E+02  4.482667061047E+02  4.459700293719E+02
  4.436451463795E+02  4.412927105315E+02  4.389133973626E+02  4.365078869709E+02
  4.340768458954E+02  4.316209101407E+02  4.291406694618E+02  4.266366544414E+02
  4.241093261864E+02  4.215590697940E+02  4.189861910227E+02  4.163909169616E+02
  4.137733997586E+02  4.111337238825E+02  4.084719157401E+02  4.057879559360E+02
  4.030817928382E+02  4.003533576604E+02  3.976025797125E+02  3.948294020054E+02
  3.920337958933E+02  3.892157750141E+02  3.863754072929E+02  3.835128253320E+02
  3.806282341068E+02  3.777219164095E+02  3.747942350642E+02  3.718456325445E+02
  3.688766272050E+02  3.658878069106E+02  3.628798195197E+02  3.598533612227E+02
  3.568091624486E+02  3.537479726031E+02  3.506705436596E+02  3.475776141177E+02
  3.444698936047E+02  3.413480498688E+02  3.382126985202E+02  3.350643973106E+02
  3.319036450632E+02  3.287308865940E+02  3.255465230485E+02  3.223509279615E+02
  3.191444671878E+02  3.159275216814E+02  3.127005099695E+02  3.094639083101E+02
  3.062182650518E+02  3.029642076258E+02  2.997024400084E+02  2.964337311705E+02
  2.931588949150E+02  2.898787641104E+02  2.865941617747E+02  2.833058732576E+02
  2.800146220949E+02  2.767210530229E+02  2.734257232002E+02  2.701291031719E+02
  2.668315866312E+02  2.635335087339E+02  2.602351706084E+02  2.569368688763E+02
  2.536389272780E+02  2.503417291322E+02  2.470457478379E+02  2.437515744974E+02
  2.404599403836E+02  2.371717338430E+02  2.338880099746E+02  2.306099932683E+02
  2.273390721035E+02  2.240767858025E+02  2.208248037751E+02  2.175848979452E+02
  2.143589083969E+02  2.111487040568E+02  2.079561388226E+02  2.047830055701E+02
  2.016309890756E+02  1.985016210457E+02  1.953962392145E+02  1.923159546321E+02
  1.892616301369E+02  1.862338747920E+02  1.832330573243E+02  1.802593419726E+02
  1.773127462273E+02  1.743932177683E+02  1.715007213150E+02  1.686353231745E+02
  1.657972568858E+02  1.629869564287E+02  1.602050478631E+02  1.574523013708E+02
  1.547295534915E+02  1.520376171686E+02  1.493771964648E+02  1.467488205050E+02
  1.441528032797E+02  1.415892311669E+02  1.390579737832E+02  1.365587129129E+02
  1.340909821235E+02  1.316542118927E+02  1.292477746731E+02  1.268710273038E+02
  1.245233476839E+02  1.222041652754E+02  1.199129840692E+02  1.176493988459E+02
  1.154131042357E+02  1.132038979647E+02  1.110216783089E+02  1.088664372859E+02
  1.067382497547E+02  1.046372600454E+02  1.025636662209E+02  1.005177035988E+02
  9.849962749840E+01  9.650969677386E+01  9.454815797224E+01  9.261523154592E+01
  9.071109983866E+01  8.883589813472E+01  8.698970833398E+01  8.517255635143E+01
  8.338441254932E+01  8.162519596374E+01  7.989478118075E+01  7.819300805648E+01
  7.651969250115E+01  7.487463789769E+01  7.325764491232E+01  7.166851914729E+01
  7.010707474314E+01  6.857313423870E+01  6.706652404674E+01  6.558706721429E+01
  6.413457396592E+01  6.270883234800E+01  6.130959949174E+01  5.993659529762E+01
  5.858949820430E+01  5.726794391486E+01  5.597152594685E+01  5.469979833266E+01
  5.345227906584E+01  5.222845458382E+01  5.102778400519E+01  4.984970363095E+01
  4.869363067622E+01  4.755896698195E+01  4.644510188514E+01  4.535141516750E+01
  4.427727938549E+01  4.322206257298E+01  4.218513062145E+01  4.116585023614E+01
  4.016359201365E+01
