 GENERAL POTENTIAL MESH             exc:
#  Xe  POTENTIAL             Z =   54.000
#
  6.76000000  2.64178315  2.39034635  2.39002092   # alat, rmax, rmaxlog, rmt
   353     0     0                                 # IRWS, IRMT, IRNS 
 0.25000000E-01 0.39826413E-03                     # A , B 
  1.83190160  0.96397001  0.00000000               # Ef, vbc, vcon 
    9   25                                         # NCORE, LMPOT
    0  -2.41547643021E+03
    0  -3.64761602370E+02
    0  -7.29635189128E+01
    0  -1.15482705870E+01
    1  -3.43303807525E+02
    1  -6.38654663054E+01
    1  -8.32456797364E+00
    2  -4.68838393767E+01
    2  -2.78914460909E+00
  5.423893638066E+02  5.424236722588E+02  5.424587508744E+02  5.424946037103E+02
  5.425312422759E+02  5.425686802483E+02  5.426069313651E+02  5.426460094918E+02
  5.426859285712E+02  5.427267025025E+02  5.427683452855E+02  5.428108707836E+02
  5.428542929638E+02  5.428986255875E+02  5.429438825028E+02  5.429900772916E+02
  5.430372235933E+02  5.430853347179E+02  5.431344239952E+02  5.431845043606E+02
  5.432355887249E+02  5.432876895309E+02  5.433408191436E+02  5.433949893833E+02
  5.434502119267E+02  5.435064978263E+02  5.435638579149E+02  5.436223023090E+02
  5.436818408263E+02  5.437424824644E+02  5.438042358277E+02  5.438671085944E+02
  5.439311079387E+02  5.439962399941E+02  5.440625102693E+02  5.441299230984E+02
  5.441984820638E+02  5.442681894272E+02  5.443390465508E+02  5.444110533213E+02
  5.444842085920E+02  5.445585095156E+02  5.446339520314E+02  5.447105302445E+02
  5.447882368305E+02  5.448670624239E+02  5.449469960138E+02  5.450280243285E+02
  5.451101322233E+02  5.451933020461E+02  5.452775140223E+02  5.453627456083E+02
  5.454489718677E+02  5.455361648118E+02  5.456242937618E+02  5.457133246842E+02
  5.458032205416E+02  5.458939406107E+02  5.459854408235E+02  5.460776730754E+02
  5.461705855571E+02  5.462641220425E+02  5.463582222099E+02  5.464528209282E+02
  5.465478485543E+02  5.466432302052E+02  5.467388860594E+02  5.468347305970E+02
  5.469306729007E+02  5.470266158832E+02  5.471224565744E+02  5.472180853381E+02
  5.473133861475E+02  5.474082357937E+02  5.475025041521E+02  5.475960533769E+02
  5.476887381636E+02  5.477804049343E+02  5.478708920932E+02  5.479600292076E+02
  5.480476372576E+02  5.481335278105E+02  5.482175032736E+02  5.482993560690E+02
  5.483788688811E+02  5.484558138382E+02  5.485299527650E+02  5.486010363701E+02
  5.486688045072E+02  5.487329853755E+02  5.487932957965E+02  5.488494404256E+02
  5.489011120519E+02  5.489479908368E+02  5.489897446346E+02  5.490260282624E+02
  5.490564838538E+02  5.490807401684E+02  5.490984129859E+02  5.491091044569E+02
  5.491124035560E+02  5.491078854820E+02  5.490951121711E+02  5.490736317595E+02
  5.490429791687E+02  5.490026756496E+02  5.489522294351E+02  5.488911353748E+02
  5.488188756859E+02  5.487349196749E+02  5.486387245949E+02  5.485297354727E+02
  5.484073860796E+02  5.482710988800E+02  5.481202861187E+02  5.479543499008E+02
  5.477726834133E+02  5.475746711329E+02  5.473596901967E+02  5.471271107493E+02
  5.468762974554E+02  5.466066100000E+02  5.463174047448E+02  5.460080353755E+02
  5.456778547077E+02  5.453262154806E+02  5.449524722999E+02  5.445559825695E+02
  5.441361085698E+02  5.436922185055E+02  5.432236886992E+02  5.427299047455E+02
  5.422102637879E+02  5.416641757461E+02  5.410910656540E+02  5.404903749171E+02
  5.398615636646E+02  5.392041119979E+02  5.385175223047E+02  5.378013204365E+02
  5.370550579204E+02  5.362783130081E+02  5.354706927090E+02  5.346318336275E+02
  5.337614037481E+02  5.328591029673E+02  5.319246645401E+02  5.309578552221E+02
  5.299584762800E+02  5.289263631462E+02  5.278613859006E+02  5.267634483486E+02
  5.256324878801E+02  5.244684738863E+02  5.232714069251E+02  5.220413164099E+02
  5.207782590288E+02  5.194823156834E+02  5.181535891372E+02  5.167922002216E+02
  5.153982847811E+02  5.139719892230E+02  5.125134668868E+02  5.110228731204E+02
  5.095003613174E+02  5.079460778199E+02  5.063601579837E+02  5.047427213564E+02
  5.030938682833E+02  5.014136759423E+02  4.997021961464E+02  4.979594529352E+02
  4.961854423279E+02  4.943801322222E+02  4.925434648169E+02  4.906753594779E+02
  4.887757183421E+02  4.868444324843E+02  4.848813907560E+02  4.828864889596E+02
  4.808596412443E+02  4.788007911442E+02  4.767099239262E+02  4.745870774450E+02
  4.724323530047E+02  4.702459233422E+02  4.680280392251E+02  4.657790319200E+02
  4.634993132383E+02  4.611893707930E+02  4.588497606085E+02  4.564810952082E+02
  4.540840298301E+02  4.516592453453E+02  4.492074309062E+02  4.467292651252E+02
  4.442253989342E+02  4.416964388629E+02  4.391429337134E+02  4.365653630899E+02
  4.339641304060E+02  4.313395584260E+02  4.286918895846E+02  4.260212887617E+02
  4.233278504281E+02  4.206116075777E+02  4.178725441416E+02  4.151106081587E+02
  4.123257272909E+02  4.095178239281E+02  4.066868314550E+02  4.038327089483E+02
  4.009554559375E+02  3.980551245825E+02  3.951318309753E+02  3.921857630504E+02
  3.892171869475E+02  3.862264494129E+02  3.832139782770E+02  3.801802787705E+02
  3.771259279015E+02  3.740515648645E+02  3.709578799591E+02  3.678456002512E+02
  3.647154746785E+02  3.615682571922E+02  3.584046909051E+02  3.552254920329E+02
  3.520313369021E+02  3.488228509027E+02  3.456006026646E+02  3.423651021443E+02
  3.391168054651E+02  3.358561244923E+02  3.325834429709E+02  3.292991359672E+02
  3.260035930486E+02  3.226972406366E+02  3.193805629621E+02  3.160541166480E+02
  3.127185387361E+02  3.093745444597E+02  3.060229166579E+02  3.026644856296E+02
  2.993001039228E+02  2.959306169662E+02  2.925568353027E+02  2.891795096197E+02
  2.857993135886E+02  2.824168342047E+02  2.790325727152E+02  2.756469537864E+02
  2.722603441499E+02  2.688730769336E+02  2.654854819009E+02  2.620979172031E+02
  2.587108027700E+02  2.553246510041E+02  2.519400952620E+02  2.485579122990E+02
  2.451790396868E+02  2.418045850238E+02  2.384358285156E+02  2.350742163962E+02
  2.317213472671E+02  2.283789495204E+02  2.250488523871E+02  2.217329493113E+02
  2.184331568409E+02  2.151513682008E+02  2.118894055032E+02  2.086489704346E+02
  2.054315982500E+02  2.022386159147E+02  1.990711103136E+02  1.959299083853E+02
  1.928155757545E+02  1.897284354816E+02  1.866686115837E+02  1.836360945272E+02
  1.806308260697E+02  1.776527909050E+02  1.747021025318E+02  1.717790642137E+02
  1.688841933299E+02  1.660182003570E+02  1.631819288455E+02  1.603762675803E+02
  1.576020558724E+02  1.548599976772E+02  1.521505997532E+02  1.494741373987E+02
  1.468306495992E+02  1.442199564484E+02  1.416416944147E+02  1.390953601640E+02
  1.365803592880E+02  1.340960529237E+02  1.316418013381E+02  1.292170000916E+02
  1.268211100019E+02  1.244536781670E+02  1.221143525802E+02  1.198028883400E+02
  1.175191486315E+02  1.152630988935E+02  1.130347975180E+02  1.108343816771E+02
  1.086620516428E+02  1.065180522038E+02  1.044026544731E+02  1.023161366298E+02
  1.002587667814E+02  9.823078637263E+01  9.623239721573E+01  9.426375041657E+01
  9.232494009431E+01  9.041599994111E+01  8.853690517895E+01  8.668757749015E+01
  8.486789483806E+01  8.307770295035E+01  8.131682948371E+01  7.958509680705E+01
  7.788233387031E+01  7.620838308910E+01  7.456310340600E+01  7.294636683652E+01
  7.135805146742E+01  6.979802999962E+01  6.826615809269E+01  6.676226209469E+01
  6.528613005259E+01  6.383750460436E+01  6.241608038305E+01  6.102150334076E+01
  5.965337372571E+01  5.831124960313E+01  5.699465248902E+01  5.570307208607E+01
  5.443597194265E+01  5.319279334905E+01  5.197295961890E+01  5.077587837560E+01
  4.960094425250E+01  4.844753984205E+01  4.731503747348E+01  4.620279977154E+01
  4.511018164121E+01  4.403653161824E+01  4.298119512052E+01  4.194351722946E+01
  4.092284764839E+01
