# Couplings between atoms via gref
     106
1111111111110111111000110000000000000000000000000000000000000000000000000000000000000000000000000000000000
1111111111111011111100010000000000000000000000000000000000000000000000000000000000000000000000000000000000
1111111111111101111110000000000000000000000000000000000000000000000000000000000000000000000000000000000000
1111111111111110011111000000000000000000000000000000000000000000000000000000000000000000000000000000000000
1111111101111111001111100000000000000000000000000000000000000000000000000000000000000000000000000000000000
1111111110111111000111110000000000000000000000000000000000000000000000000000000000000000000000000000000000
1111111111011111100011110000000000000000000000000000000000000000000000000000000000000000000000000000000000
1111111111101111110001110000000000000000000000000000000000000000000000000000000000000000000000000000000000
1111011111111111111101111111000111000000000000000000000000000000000000000000000000000000000000000000000000
1111101111111111111110111111100011000000000000000000000000000000000000000000000000000000000000000000000000
1111110111111111111111011111110000000000000000000000000000000000000000000000000000000000000000000000000000
1111111011111111111111100111111100000000000000000000000000000000000000000000000000000000000000000000000000
0111111111111111011111110011111110000000000000000000000000000000000000000000000000000000000000000000000000
1011111111111111101111110001111111000000000000000000000000000000000000000000000000000000000000000000000000
1101111111111111110111111000011111000000000000000000000000000000000000000000000000000000000000000000000000
1110111111111111111011111110001111000000000000000000000000000000000000000000000000000000000000000000000000
1110001111110111111101111111101111111000110000000000000000000000000000000000000000000000000000000000000000
1111000111111011111110111111110111111100010000000000000000000000000000000000000000000000000000000000000000
1111100011111101111111011111111001111110000000000000000000000000000000000000000000000000000000000000000000
0111110011111110111111101111111110011111000000000000000000000000000000000000000000000000000000000000000000
0011111001111111011111110111111111001111100000000000000000000000000000000000000000000000000000000000000000
0001111110111111101111111011111111000111110000000000000000000000000000000000000000000000000000000000000000
1000111111011111110111111100111111100011110000000000000000000000000000000000000000000000000000000000000000
1100011111101111111011111111011111110001110000000000000000000000000000000000000000000000000000000000000000
0000000011100011111101111111101111111101111110001100000000000000000000000000000000000000000000000000000000
0000000011110001111110111111110111111110111111000100000000000000000000000000000000000000000000000000000000
0000000011111000111111011111111011111111011111100100000000000000000000000000000000000000000000000000000000
0000000011111000111111011111111101111111011111110000000000000000000000000000000000000000000000000000000000
0000000001111100111111101111111110111111100111110000000000000000000000000000000000000000000000000000000000
0000000000111110011111110111111111011111110011111000000000000000000000000000000000000000000000000000000000
0000000000011111101111111011111111101111110001111100000000000000000000000000000000000000000000000000000000
0000000010001111110111111101111111110111111001111100000000000000000000000000000000000000000000000000000000
0000000010001111110111111110111111110111111100111100000000000000000000000000000000000000000000000000000000
0000000011000111111011111111011111111011111100011100000000000000000000000000000000000000000000000000000000
0000000000000000111000111111101111111101111111011111100011000000000000000000000000000000000000000000000000
0000000000000000111100011111110111111110111111101111110001000000000000000000000000000000000000000000000000
0000000000000000111110001111111001111111011111110111111000000000000000000000000000000000000000000000000000
0000000000000000011111001111111110111111101111111001111100000000000000000000000000000000000000000000000000
0000000000000000001111100111111111011111110111111100111110000000000000000000000000000000000000000000000000
0000000000000000000111111011111111101111111011111100011111000000000000000000000000000000000000000000000000
0000000000000000100011111100111111110111111101111110001111000000000000000000000000000000000000000000000000
0000000000000000110001111111011111111011111110111111000111000000000000000000000000000000000000000000000000
0000000000000000000000001111000111111101111111011111110111111000110000000000000000000000000000000000000000
0000000000000000000000001111100011111110111111101111111011111100010000000000000000000000000000000000000000
0000000000000000000000001111110000111111011111111111111101111110000000000000000000000000000000000000000000
0000000000000000000000000111111100111111101111111011111110011111000000000000000000000000000000000000000000
0000000000000000000000000011111110011111110111111101111111001111100000000000000000000000000000000000000000
0000000000000000000000000001111111101111111011111110111111000111110000000000000000000000000000000000000000
0000000000000000000000001000011111110111111111111111011111100011110000000000000000000000000000000000000000
0000000000000000000000001110001111111011111110111111101111110001110000000000000000000000000000000000000000
0000000000000000000000000000000000111000111111011111111111111101111110001100000000000000000000000000000000
0000000000000000000000000000000000111100011111101111111111111110111111000100000000000000000000000000000000
0000000000000000000000000000000000111110001111110111111111111111011111100000000000000000000000000000000000
0000000000000000000000000000000000011111001111111011111111111111100111110000000000000000000000000000000000
0000000000000000000000000000000000001111100111111111111111011111110011111000000000000000000000000000000000
0000000000000000000000000000000000000111111011111111111111101111110001111100000000000000000000000000000000
0000000000000000000000000000000000100011111101111111111111110111111000111100000000000000000000000000000000
0000000000000000000000000000000000110001111110111111111111111011111100011100000000000000000000000000000000
0000000000000000000000000000000000000000001110001111110111111111111111011111100011000000000000000000000000
0000000000000000000000000000000000000000001111000111111011111111111111101111110001000000000000000000000000
0000000000000000000000000000000000000000001111100011111101111111111111110111111000000000000000000000000000
0000000000000000000000000000000000000000000111110011111110111111111111111001111100000000000000000000000000
0000000000000000000000000000000000000000000011111001111111111111110111111100111110000000000000000000000000
0000000000000000000000000000000000000000000001111110111111111111111011111100011111000000000000000000000000
0000000000000000000000000000000000000000001000111111011111111111111101111110001111000000000000000000000000
0000000000000000000000000000000000000000001100011111101111111111111110111111000111000000000000000000000000
0000000000000000000000000000000000000000000000000011100011111101111111111111110111111000110000000000000000
0000000000000000000000000000000000000000000000000011110001111110111111111111111011111100010000000000000000
0000000000000000000000000000000000000000000000000011111000111111011111111111111101111110000000000000000000
0000000000000000000000000000000000000000000000000001111100111111101111111111111110011111000000000000000000
0000000000000000000000000000000000000000000000000000111110011111111111111101111111001111100000000000000000
0000000000000000000000000000000000000000000000000000011111101111111111111110111111000111110000000000000000
0000000000000000000000000000000000000000000000000010001111110111111111111111011111100011110000000000000000
0000000000000000000000000000000000000000000000000011000111111011111111111111101111110001110000000000000000
0000000000000000000000000000000000000000000000000000000000111000111111011111111111111101111110001100000000
0000000000000000000000000000000000000000000000000000000000111100011111101111111111111110111111000100000000
0000000000000000000000000000000000000000000000000000000000111110001111110111111111111111011111100000000000
0000000000000000000000000000000000000000000000000000000000011111001111111011111111111111100111110000000000
0000000000000000000000000000000000000000000000000000000000001111100111111111111111011111110011111000000000
0000000000000000000000000000000000000000000000000000000000000111111011111111111111101111110001111100000000
0000000000000000000000000000000000000000000000000000000000100011111101111111111111110111111000111100000000
0000000000000000000000000000000000000000000000000000000000110001111110111111111111111011111100011100000000
0000000000000000000000000000000000000000000000000000000000000000001110001111110111111111111111011111100011
0000000000000000000000000000000000000000000000000000000000000000001111000111111011111111111111101111110001
0000000000000000000000000000000000000000000000000000000000000000001111100011111101111111111111110111111000
0000000000000000000000000000000000000000000000000000000000000000000111110011111110111111111111111001111100
0000000000000000000000000000000000000000000000000000000000000000000011111001111111111111110111111100111110
0000000000000000000000000000000000000000000000000000000000000000000001111110111111111111111011111100011111
0000000000000000000000000000000000000000000000000000000000000000001000111111011111111111111101111110001111
0000000000000000000000000000000000000000000000000000000000000000001100011111101111111111111110111111000111
0000000000000000000000000000000000000000000000000000000000000000000000000011100011111101111111111111110111
0000000000000000000000000000000000000000000000000000000000000000000000000011110001111110111111111111111011
0000000000000000000000000000000000000000000000000000000000000000000000000011111000111111011111111111111101
0000000000000000000000000000000000000000000000000000000000000000000000000001111100111111101111111111111110
0000000000000000000000000000000000000000000000000000000000000000000000000000111110011111111111111101111111
0000000000000000000000000000000000000000000000000000000000000000000000000000011111101111111111111110111111
0000000000000000000000000000000000000000000000000000000000000000000000000010001111110111111111111111011111
0000000000000000000000000000000000000000000000000000000000000000000000000011000111111011111111111111101111
0000000000000000000000000000000000000000000000000000000000000000000000000000000000111000111111011111111111
0000000000000000000000000000000000000000000000000000000000000000000000000000000000111100011111101111111111
0000000000000000000000000000000000000000000000000000000000000000000000000000000000111110001111110111111111
0000000000000000000000000000000000000000000000000000000000000000000000000000000000011111001111111011111111
0000000000000000000000000000000000000000000000000000000000000000000000000000000000001111100111111111111111
0000000000000000000000000000000000000000000000000000000000000000000000000000000000000111111011111111111111
0000000000000000000000000000000000000000000000000000000000000000000000000000000000100011111101111111111111
0000000000000000000000000000000000000000000000000000000000000000000000000000000000110001111110111111111111
