 # Non-zero Gaunt coefficients 
 # for L2.le.L1 and L3 > 1     
 # index L1   L2   L3    Gaunt   
    1    2    1    2    0.2820947917738782E+00
    2    5    4    2    0.2185096861184158E+00
    3    6    3    2    0.2185096861184160E+00
    4    7    2    2   -0.1261566261010080E+00
    5    9    2    2   -0.2185096861184158E+00
    6   10    9    2    0.2261790131595403E+00
    7   11    8    2    0.1846743909223719E+00
    8   12    7    2    0.2023006594034207E+00
    9   12    9    2    0.5839917008190177E-01
   10   13    6    2   -0.1430481681026689E+00
   11   14    5    2   -0.5839917008190177E-01
   12   15    6    2   -0.1846743909223719E+00
   13   16    5    2   -0.2261790131595403E+00
   14    3    1    3    0.2820947917738784E+00
   15    6    2    3    0.2185096861184160E+00
   16    7    3    3    0.2523132522020164E+00
   17    8    4    3    0.2185096861184160E+00
   18   11    5    3    0.1846743909223719E+00
   19   12    6    3    0.2335966803276076E+00
   20   13    7    3    0.2477666950834765E+00
   21   14    8    3    0.2335966803276076E+00
   22   15    9    3    0.1846743909223719E+00
   23    4    1    4    0.2820947917738782E+00
   24    5    2    4    0.2185096861184158E+00
   25    7    4    4   -0.1261566261010080E+00
   26    8    3    4    0.2185096861184160E+00
   27    9    4    4    0.2185096861184158E+00
   28   10    5    4    0.2261790131595403E+00
   29   11    6    4    0.1846743909223719E+00
   30   12    5    4   -0.5839917008190177E-01
   31   13    8    4   -0.1430481681026689E+00
   32   14    7    4    0.2023006594034207E+00
   33   14    9    4   -0.5839917008190177E-01
   34   15    8    4    0.1846743909223719E+00
   35   16    9    4    0.2261790131595403E+00
   36    4    2    5    0.2185096861184158E+00
   37    5    1    5    0.2820947917738782E+00
   38    7    5    5   -0.1802237515728685E+00
   39    8    6    5    0.1560783472274400E+00
   40   10    4    5    0.2261790131595403E+00
   41   11    3    5    0.1846743909223719E+00
   42   12    4    5   -0.5839917008190178E-01
   43   14    2    5   -0.5839917008190178E-01
   44   16    2    5   -0.2261790131595403E+00
   45   13   11    5   -0.1880631945159189E+00
   46   14   10    5   -0.9403159725795929E-01
   47   14   12    5    0.1456731240789439E+00
   48   16   12    5    0.9403159725795932E-01
   49    3    2    6    0.2185096861184160E+00
   50    6    1    6    0.2820947917738784E+00
   51    7    6    6    0.9011187578643437E-01
   52    8    5    6    0.1560783472274400E+00
   53    9    6    6   -0.1560783472274400E+00
   54   11    4    6    0.1846743909223719E+00
   55   12    3    6    0.2335966803276076E+00
   56   13    2    6   -0.1430481681026689E+00
   57   15    2    6   -0.1846743909223719E+00
   58   13   12    6    0.5947080387175906E-01
   59   14   11    6    0.1151647164904453E+00
   60   15   10    6    0.1486770096793977E+00
   61   15   12    6   -0.1151647164904453E+00
   62   16   11    6   -0.1486770096793977E+00
   63    2    2    7   -0.1261566261010080E+00
   64    3    3    7    0.2523132522020164E+00
   65    4    4    7   -0.1261566261010080E+00
   66    7    1    7    0.2820947917738784E+00
   67    5    5    7   -0.1802237515728685E+00
   68    6    6    7    0.9011187578643440E-01
   69    7    7    7    0.1802237515728691E+00
   70    8    8    7    0.9011187578643440E-01
   71    9    9    7   -0.1802237515728685E+00
   72   12    2    7    0.2023006594034207E+00
   73   13    3    7    0.2477666950834765E+00
   74   14    4    7    0.2023006594034207E+00
   75   10   10    7   -0.2102610435016799E+00
   76   12   12    7    0.1261566261010082E+00
   77   13   13    7    0.1682088348013445E+00
   78   14   14    7    0.1261566261010082E+00
   79   16   16    7   -0.2102610435016799E+00
   80    4    3    8    0.2185096861184160E+00
   81    8    1    8    0.2820947917738784E+00
   82    6    5    8    0.1560783472274400E+00
   83    8    7    8    0.9011187578643438E-01
   84    9    8    8    0.1560783472274400E+00
   85   11    2    8    0.1846743909223719E+00
   86   13    4    8   -0.1430481681026689E+00
   87   14    3    8    0.2335966803276076E+00
   88   15    4    8    0.1846743909223719E+00
   89   11   10    8    0.1486770096793977E+00
   90   12   11    8    0.1151647164904453E+00
   91   14   13    8    0.5947080387175905E-01
   92   15   14    8    0.1151647164904453E+00
   93   16   15    8    0.1486770096793977E+00
   94    2    2    9   -0.2185096861184158E+00
   95    4    4    9    0.2185096861184158E+00
   96    9    1    9    0.2820947917738782E+00
   97    6    6    9   -0.1560783472274400E+00
   98    8    8    9    0.1560783472274400E+00
   99    9    7    9   -0.1802237515728685E+00
  100   10    2    9    0.2261790131595403E+00
  101   12    2    9    0.5839917008190178E-01
  102   14    4    9   -0.5839917008190178E-01
  103   15    3    9    0.1846743909223719E+00
  104   16    4    9    0.2261790131595403E+00
  105   12   10    9   -0.9403159725795929E-01
  106   12   12    9   -0.1456731240789439E+00
  107   14   14    9    0.1456731240789439E+00
  108   15   13    9   -0.1880631945159188E+00
  109   16   14    9   -0.9403159725795932E-01
  110    5    4   10    0.2261790131595403E+00
  111    9    2   10    0.2261790131595403E+00
  112   10    1   10    0.2820947917738781E+00
  113   10    7   10   -0.2102610435016799E+00
  114   11    8   10    0.1486770096793977E+00
  115   12    9   10   -0.9403159725795929E-01
  116   14    5   10   -0.9403159725795929E-01
  117   15    6   10    0.1486770096793977E+00
  118    5    3   11    0.1846743909223719E+00
  119    6    4   11    0.1846743909223719E+00
  120    8    2   11    0.1846743909223719E+00
  121   11    1   11    0.2820947917738783E+00
  122   10    8   11    0.1486770096793977E+00
  123   12    8   11    0.1151647164904453E+00
  124   13    5   11   -0.1880631945159189E+00
  125   14    6   11    0.1151647164904453E+00
  126   16    6   11   -0.1486770096793977E+00
  127    5    4   12   -0.5839917008190178E-01
  128    6    3   12    0.2335966803276076E+00
  129    7    2   12    0.2023006594034207E+00
  130    9    2   12    0.5839917008190178E-01
  131   12    1   12    0.2820947917738783E+00
  132   10    9   12   -0.9403159725795930E-01
  133   11    8   12    0.1151647164904453E+00
  134   12    7   12    0.1261566261010082E+00
  135   12    9   12   -0.1456731240789439E+00
  136   13    6   12    0.5947080387175906E-01
  137   14    5   12    0.1456731240789439E+00
  138   15    6   12   -0.1151647164904453E+00
  139   16    5   12    0.9403159725795930E-01
  140    6    2   13   -0.1430481681026689E+00
  141    7    3   13    0.2477666950834765E+00
  142    8    4   13   -0.1430481681026689E+00
  143   13    1   13    0.2820947917738784E+00
  144   11    5   13   -0.1880631945159189E+00
  145   12    6   13    0.5947080387175905E-01
  146   13    7   13    0.1682088348013445E+00
  147   14    8   13    0.5947080387175905E-01
  148   15    9   13   -0.1880631945159189E+00
  149    5    2   14   -0.5839917008190178E-01
  150    7    4   14    0.2023006594034207E+00
  151    8    3   14    0.2335966803276076E+00
  152    9    4   14   -0.5839917008190178E-01
  153   14    1   14    0.2820947917738783E+00
  154   10    5   14   -0.9403159725795930E-01
  155   11    6   14    0.1151647164904453E+00
  156   12    5   14    0.1456731240789439E+00
  157   13    8   14    0.5947080387175906E-01
  158   14    7   14    0.1261566261010082E+00
  159   14    9   14    0.1456731240789439E+00
  160   15    8   14    0.1151647164904453E+00
  161   16    9   14   -0.9403159725795930E-01
  162    6    2   15   -0.1846743909223719E+00
  163    8    4   15    0.1846743909223719E+00
  164    9    3   15    0.1846743909223719E+00
  165   15    1   15    0.2820947917738783E+00
  166   10    6   15    0.1486770096793977E+00
  167   12    6   15   -0.1151647164904453E+00
  168   13    9   15   -0.1880631945159189E+00
  169   14    8   15    0.1151647164904453E+00
  170   16    8   15    0.1486770096793977E+00
  171    5    2   16   -0.2261790131595403E+00
  172    9    4   16    0.2261790131595403E+00
  173   16    1   16    0.2820947917738781E+00
  174   11    6   16   -0.1486770096793977E+00
  175   12    5   16    0.9403159725795929E-01
  176   14    9   16   -0.9403159725795929E-01
  177   15    8   16    0.1486770096793977E+00
  178   16    7   16   -0.2102610435016799E+00
  179    9    5   17    0.2384136135044480E+00
  180   10    4   17    0.2303294329808903E+00
  181   16    2   17    0.2303294329808903E+00
  182   14   10   17   -0.1175200669506001E+00
  183   15   11   17    0.1517177540482852E+00
  184   16   12   17   -0.1175200669506002E+00
  185    8    5   18    0.1685838828361840E+00
  186    9    6   18    0.1685838828361839E+00
  187   10    3   18    0.1628675039676400E+00
  188   11    4   18    0.1994711402007164E+00
  189   15    2   18    0.1994711402007164E+00
  190   13   10   18   -0.2035507268673357E+00
  191   14   11   18    0.6785024228911199E-01
  192   15   12   18    0.6785024228911199E-01
  193    7    5   19    0.1560783472274399E+00
  194    8    6   19    0.1802237515728687E+00
  195   10    4   19   -0.4352817137756805E-01
  196   11    3   19    0.2132436186229232E+00
  197   12    4   19    0.1685838828361839E+00
  198   14    2   19    0.1685838828361839E+00
  199   16    2   19    0.4352817137756805E-01
  200   13   11   19   -0.4441841017299279E-01
  201   14   10   19    0.1332552305189782E+00
  202   14   12   19    0.1146878419100074E+00
  203   16   12   19   -0.1332552305189782E+00
  204    7    6   20    0.2207281154418228E+00
  205    8    5   20   -0.6371871843402754E-01
  206    9    6   20    0.6371871843402754E-01
  207   11    4   20   -0.7539300438651345E-01
  208   12    3   20    0.2384136135044483E+00
  209   13    2   20    0.1946639002730063E+00
  210   15    2   20    0.7539300438651345E-01
  211   13   12   20    0.9932258459927999E-01
  212   14   11   20    0.1025799242814103E+00
  213   15   10   20   -0.9932258459927994E-01
  214   15   12   20   -0.1025799242814103E+00
  215   16   11   20    0.9932258459927994E-01
  216    5    5   21    0.4029925596769677E-01
  217    6    6   21   -0.1611970238707877E+00
  218    7    7   21    0.2417955358061817E+00
  219    8    8   21   -0.1611970238707877E+00
  220    9    9   21    0.4029925596769677E-01
  221   12    2   21   -0.1507860087730269E+00
  222   13    3   21    0.2462325212298296E+00
  223   14    4   21   -0.1507860087730269E+00
  224   10   10   21    0.7693494321105751E-01
  225   11   11   21   -0.1795148674924681E+00
  226   12   12   21    0.2564498107035244E-01
  227   13   13   21    0.1538698864221160E+00
  228   14   14   21    0.2564498107035244E-01
  229   15   15   21   -0.1795148674924681E+00
  230   16   16   21    0.7693494321105751E-01
  231    6    5   22   -0.6371871843402754E-01
  232    8    7   22    0.2207281154418228E+00
  233    9    8   22   -0.6371871843402754E-01
  234   11    2   22   -0.7539300438651345E-01
  235   13    4   22    0.1946639002730063E+00
  236   14    3   22    0.2384136135044483E+00
  237   15    4   22   -0.7539300438651345E-01
  238   11   10   22   -0.9932258459927994E-01
  239   12   11   22    0.1025799242814103E+00
  240   14   13   22    0.9932258459927999E-01
  241   15   14   22    0.1025799242814103E+00
  242   16   15   22   -0.9932258459927994E-01
  243    6    6   23   -0.1802237515728687E+00
  244    8    8   23    0.1802237515728687E+00
  245    9    7   23    0.1560783472274399E+00
  246   10    2   23   -0.4352817137756805E-01
  247   12    2   23   -0.1685838828361839E+00
  248   14    4   23    0.1685838828361839E+00
  249   15    3   23    0.2132436186229232E+00
  250   16    4   23   -0.4352817137756805E-01
  251   12   10   23    0.1332552305189782E+00
  252   12   12   23   -0.1146878419100074E+00
  253   14   14   23    0.1146878419100074E+00
  254   15   13   23   -0.4441841017299279E-01
  255   16   14   23    0.1332552305189782E+00
  256    6    5   24   -0.1685838828361840E+00
  257    9    8   24    0.1685838828361839E+00
  258   11    2   24   -0.1994711402007164E+00
  259   15    4   24    0.1994711402007164E+00
  260   16    3   24    0.1628675039676400E+00
  261   12   11   24   -0.6785024228911199E-01
  262   15   14   24    0.6785024228911199E-01
  263   16   13   24   -0.2035507268673357E+00
  264    5    5   25   -0.2384136135044480E+00
  265    9    9   25    0.2384136135044480E+00
  266   10    2   25   -0.2303294329808903E+00
  267   16    4   25    0.2303294329808903E+00
  268   11   11   25   -0.1517177540482852E+00
  269   12   10   25    0.1175200669506001E+00
  270   15   15   25    0.1517177540482852E+00
  271   16   14   25   -0.1175200669506002E+00
  272   10    9   26    0.2455320005465368E+00
  273   16    5   26    0.2455320005465368E+00
  274   10    8   27    0.1552880720369529E+00
  275   11    9   27    0.1901882698155457E+00
  276   15    5   27    0.1901882698155457E+00
  277   16    6   27    0.1552880720369529E+00
  278   10    7   28    0.1267921798770303E+00
  279   11    8   28    0.1793112203849456E+00
  280   12    9   28    0.1417579666102105E+00
  281   14    5   28    0.1417579666102105E+00
  282   15    6   28    0.1793112203849456E+00
  283   10    8   29   -0.4482780509623635E-01
  284   11    7   29    0.1901882698155456E+00
  285   12    8   29    0.1736173425847555E+00
  286   13    5   29    0.1417579666102105E+00
  287   14    6   29    0.1736173425847555E+00
  288   16    6   29    0.4482780509623635E-01
  289   10    9   30    0.1694331772935925E-01
  290   11    8   30   -0.8300496597356410E-01
  291   12    7   30    0.2273184612433491E+00
  292   12    9   30    0.6562118739530950E-01
  293   13    6   30    0.2143179005787513E+00
  294   14    5   30   -0.6562118739530950E-01
  295   15    6   30    0.8300496597356410E-01
  296   16    5   30   -0.1694331772935925E-01
  297   11    5   31    0.5357947514468776E-01
  298   12    6   31   -0.1694331772935934E+00
  299   13    7   31    0.2396146972445652E+00
  300   14    8   31   -0.1694331772935934E+00
  301   15    9   31    0.5357947514468776E-01
  302   10    5   32    0.1694331772935925E-01
  303   11    6   32   -0.8300496597356410E-01
  304   12    5   32   -0.6562118739530950E-01
  305   13    8   32    0.2143179005787513E+00
  306   14    7   32    0.2273184612433491E+00
  307   14    9   32   -0.6562118739530950E-01
  308   15    8   32   -0.8300496597356410E-01
  309   16    9   32    0.1694331772935925E-01
  310   10    6   33   -0.4482780509623635E-01
  311   12    6   33   -0.1736173425847555E+00
  312   13    9   33    0.1417579666102105E+00
  313   14    8   33    0.1736173425847555E+00
  314   15    7   33    0.1901882698155456E+00
  315   16    8   33   -0.4482780509623635E-01
  316   11    6   34   -0.1793112203849456E+00
  317   12    5   34   -0.1417579666102105E+00
  318   14    9   34    0.1417579666102105E+00
  319   15    8   34    0.1793112203849456E+00
  320   16    7   34    0.1267921798770303E+00
  321   10    6   35   -0.1552880720369529E+00
  322   11    5   35   -0.1901882698155457E+00
  323   15    9   35    0.1901882698155457E+00
  324   16    8   35    0.1552880720369529E+00
  325   10    5   36   -0.2455320005465368E+00
  326   16    9   36    0.2455320005465368E+00
  327   16   10   37    0.2548005986729748E+00
  328   15   10   38    0.1801712311720527E+00
  329   16   11   38    0.1801712311720527E+00
  330   14   10   39    0.1214714192760309E+00
  331   15   11   39    0.1881827135584987E+00
  332   16   12   39    0.1214714192760309E+00
  333   13   10   40    0.1086473403298333E+00
  334   14   11   40    0.1629710104947501E+00
  335   15   12   40    0.1629710104947501E+00
  336   13   11   41    0.1774203638124000E+00
  337   14   10   41   -0.4435509095309995E-01
  338   14   12   41    0.1717865285808715E+00
  339   16   12   41    0.4435509095309996E-01
  340   13   12   42    0.2217754547655000E+00
  341   14   11   42   -0.8589326429043581E-01
  342   15   10   42    0.2217754547654995E-01
  343   15   12   42    0.8589326429043581E-01
  344   16   11   42   -0.2217754547654996E-01
  345   10   10   43   -0.1185439669326395E-01
  346   11   11   43    0.7112638015958425E-01
  347   12   12   43   -0.1778159503989608E+00
  348   13   13   43    0.2370879338652815E+00
  349   14   14   43   -0.1778159503989608E+00
  350   15   15   43    0.7112638015958425E-01
  351   16   16   43   -0.1185439669326395E-01
  352   11   10   44    0.2217754547654995E-01
  353   12   11   44   -0.8589326429043581E-01
  354   14   13   44    0.2217754547655000E+00
  355   15   14   44   -0.8589326429043581E-01
  356   16   15   44    0.2217754547654996E-01
  357   12   10   45   -0.4435509095309995E-01
  358   12   12   45   -0.1717865285808715E+00
  359   14   14   45    0.1717865285808715E+00
  360   15   13   45    0.1774203638124000E+00
  361   16   14   45   -0.4435509095309996E-01
  362   12   11   46   -0.1629710104947501E+00
  363   15   14   46    0.1629710104947501E+00
  364   16   13   46    0.1086473403298333E+00
  365   11   11   47   -0.1881827135584987E+00
  366   12   10   47   -0.1214714192760309E+00
  367   15   15   47    0.1881827135584987E+00
  368   16   14   47    0.1214714192760309E+00
  369   11   10   48   -0.1801712311720527E+00
  370   16   15   48    0.1801712311720527E+00
  371   10   10   49   -0.2548005986729748E+00
  372   16   16   49    0.2548005986729748E+00
