      0.00000000      0.00000000      0.00000000  19    26.0      0.00000000   1
      0.50000000      0.70710678      0.00000000  19    26.0      0.00000000   2
     -0.50000000      0.70710678      0.00000000  19    26.0      0.00000000   3
      0.00000000      1.41421356      0.00000000  19    26.0      0.00000000   4
      0.00000000      0.70710678      0.70710678  20    26.0      0.00000000   5
     -0.50000000      0.00000000     -0.60104076  18    74.0      0.78182479   1
      0.50000000      0.00000000     -0.60104076  18    74.0      0.78182479   1
     -0.50000000     -0.70710678      0.00000000  19     0.0      0.86602540   1
      0.50000000     -0.70710678      0.00000000  19     0.0      0.86602540   1
     -0.50000000      0.00000000      0.70710678  20     0.0      0.86602540   1
      0.50000000      0.00000000      0.70710678  20     0.0      0.86602540   1
      0.00000000     -0.70710678     -0.60104076  18    74.0      0.92803556   1
      0.00000000     -0.70710678      0.70710678  20     0.0      1.00000000   1
      0.00000000      0.00000000     -1.30814754  17    74.0      1.30814754   1
     -1.00000000     -0.70710678     -0.60104076  18    74.0      1.36427636   1
      1.00000000     -0.70710678     -0.60104076  18    74.0      1.36427636   1
      0.00000000     -1.41421356      0.00000000  19     0.0      1.41421356   1
     -1.00000000     -0.70710678      0.70710678  20     0.0      1.41421356   1
      1.00000000     -0.70710678      0.70710678  20     0.0      1.41421356   1
     -0.50000000     -0.70710678     -1.30814754  17    74.0      1.56883715   1
      0.50000000     -0.70710678     -1.30814754  17    74.0      1.56883715   1
     -0.50000000     -1.41421356     -0.60104076  18    74.0      1.61593626   1
      0.50000000     -1.41421356     -0.60104076  18    74.0      1.61593626   1
     -1.50000000     -0.70710678      0.00000000  19     0.0      1.65831239   1
      1.50000000     -0.70710678      0.00000000  19     0.0      1.65831239   1
     -0.50000000     -1.41421356      0.70710678  20     0.0      1.65831239   1
      0.50000000     -1.41421356      0.70710678  20     0.0      1.65831239   1
     -1.00000000     -1.41421356      0.00000000  19     0.0      1.73205081   1
      1.00000000     -1.41421356      0.00000000  19     0.0      1.73205081   1
      0.00000000     -1.41421356     -1.30814754  17    74.0      1.92646048   1
      0.00000000     -1.41421356      1.41421356  21     0.0      2.00000000   1
      0.00000000      0.70710678     -0.60104076  18    74.0      0.78182479   2
      1.00000000      0.70710678     -0.60104076  18    74.0      0.78182479   2
      1.00000000      0.00000000      0.00000000  19     0.0      0.86602540   2
      1.00000000      1.41421356      0.00000000  19     0.0      0.86602540   2
      1.00000000      0.70710678      0.70710678  20     0.0      0.86602540   2
      1.50000000      0.70710678      0.00000000  19     0.0      1.00000000   2
      0.50000000      0.70710678     -1.30814754  17    74.0      1.30814754   2
      1.50000000      0.00000000     -0.60104076  18    74.0      1.36427636   2
      1.50000000      1.41421356     -0.60104076  18    74.0      1.36427636   2
      1.50000000      0.00000000      0.70710678  20     0.0      1.41421356   2
      1.50000000      1.41421356      0.70710678  20     0.0      1.41421356   2
      1.00000000      0.00000000     -1.30814754  17    74.0      1.56883715   2
      1.00000000      1.41421356     -1.30814754  17    74.0      1.56883715   2
      2.00000000      0.70710678     -0.60104076  18    74.0      1.61593626   2
      1.50000000      0.70710678     -1.30814754  17    74.0      1.64658738   2
      2.00000000      0.00000000      0.00000000  19     0.0      1.65831239   2
      2.00000000      1.41421356      0.00000000  19     0.0      1.65831239   2
      2.00000000      0.70710678      0.70710678  20     0.0      1.65831240   2
     -1.00000000      0.70710678     -0.60104076  18    74.0      0.78182479   3
     -1.00000000      0.00000000      0.00000000  19     0.0      0.86602540   3
     -1.00000000      1.41421356      0.00000000  19     0.0      0.86602540   3
     -1.00000000      0.70710678      0.70710678  20     0.0      0.86602540   3
     -1.50000000      0.70710678      0.00000000  19     0.0      1.00000000   3
     -0.50000000      0.70710678     -1.30814754  17    74.0      1.30814754   3
     -1.50000000      0.00000000     -0.60104076  18    74.0      1.36427636   3
     -1.50000000      1.41421356     -0.60104076  18    74.0      1.36427636   3
     -1.50000000      0.00000000      0.70710678  20     0.0      1.41421356   3
     -1.50000000      1.41421356      0.70710678  20     0.0      1.41421356   3
     -1.00000000      0.00000000     -1.30814754  17    74.0      1.56883715   3
     -1.00000000      1.41421356     -1.30814754  17    74.0      1.56883715   3
     -2.00000000      0.70710678     -0.60104076  18    74.0      1.61593626   3
     -1.50000000      0.70710678     -1.30814754  17    74.0      1.64658738   3
     -2.00000000      0.00000000      0.00000000  19     0.0      1.65831239   3
     -2.00000000      1.41421356      0.00000000  19     0.0      1.65831239   3
     -2.00000000      0.70710678      0.70710678  20     0.0      1.65831240   3
     -0.50000000      1.41421356     -0.60104076  18    74.0      0.78182479   4
      0.50000000      1.41421356     -0.60104076  18    74.0      0.78182479   4
     -0.50000000      2.12132034      0.00000000  19     0.0      0.86602540   4
      0.50000000      2.12132034      0.00000000  19     0.0      0.86602540   4
     -0.50000000      1.41421356      0.70710678  20     0.0      0.86602540   4
      0.50000000      1.41421356      0.70710678  20     0.0      0.86602540   4
      0.00000000      2.12132034     -0.60104076  18    74.0      0.92803556   4
      0.00000000      2.12132034      0.70710678  20     0.0      1.00000000   4
      0.00000000      1.41421356     -1.30814754  17    74.0      1.30814754   4
     -1.00000000      2.12132034     -0.60104076  18    74.0      1.36427636   4
      1.00000000      2.12132034     -0.60104076  18    74.0      1.36427636   4
      0.00000000      2.82842712      0.00000000  19     0.0      1.41421356   4
     -1.00000000      2.12132034      0.70710678  20     0.0      1.41421356   4
      1.00000000      2.12132034      0.70710678  20     0.0      1.41421356   4
     -0.50000000      2.12132034     -1.30814754  17    74.0      1.56883715   4
      0.50000000      2.12132034     -1.30814754  17    74.0      1.56883715   4
     -0.50000000      2.82842712     -0.60104076  18    74.0      1.61593626   4
      0.50000000      2.82842712     -0.60104076  18    74.0      1.61593626   4
     -1.50000000      2.12132034      0.00000000  19     0.0      1.65831239   4
      1.50000000      2.12132034      0.00000000  19     0.0      1.65831239   4
     -0.50000000      2.82842712      0.70710678  20     0.0      1.65831239   4
      0.50000000      2.82842712      0.70710678  20     0.0      1.65831239   4
     -1.00000000      2.82842712      0.00000000  19     0.0      1.73205081   4
      1.00000000      2.82842712      0.00000000  19     0.0      1.73205081   4
      0.00000000      2.82842712     -1.30814754  17    74.0      1.92646048   4
      0.00000000      2.82842712      1.41421356  21     0.0      2.00000000   4
     -0.50000000      0.70710678      1.41421356  21     0.0      0.86602540   5
      0.50000000      0.70710678      1.41421356  21     0.0      0.86602540   5
      0.00000000      0.00000000      1.41421356  21     0.0      1.00000000   5
      0.00000000      1.41421356      1.41421356  21     0.0      1.00000000   5
     -1.00000000      0.00000000      1.41421356  21     0.0      1.41421356   5
      1.00000000      0.00000000      1.41421356  21     0.0      1.41421356   5
     -1.00000000      1.41421356      1.41421356  21     0.0      1.41421356   5
      1.00000000      1.41421356      1.41421356  21     0.0      1.41421356   5
      0.00000000      0.70710678      2.12132034  22     0.0      1.41421356   5
     -0.50000000     -0.70710678      1.41421356  21     0.0      1.65831239   5
      0.50000000     -0.70710678      1.41421356  21     0.0      1.65831239   5
     -1.50000000      0.70710678      1.41421356  21     0.0      1.65831240   5
      1.50000000      0.70710678      1.41421356  21     0.0      1.65831240   5
     -0.50000000      2.12132034      1.41421356  21     0.0      1.65831239   5
      0.50000000      2.12132034      1.41421356  21     0.0      1.65831239   5
     -0.50000000      0.00000000      2.12132034  22     0.0      1.65831239   5
      0.50000000      0.00000000      2.12132034  22     0.0      1.65831239   5
     -0.50000000      1.41421356      2.12132034  22     0.0      1.65831239   5
      0.50000000      1.41421356      2.12132034  22     0.0      1.65831239   5
     -1.00000000      0.70710678      2.12132034  22     0.0      1.73205081   5
      1.00000000      0.70710678      2.12132034  22     0.0      1.73205081   5
      0.00000000     -0.70710678      2.12132034  22     0.0      2.00000000   5
      0.00000000      2.12132034      2.12132034  22     0.0      2.00000000   5
